<TICKER>,<PER>,<DATE>,<TIME>,<OPEN>,<HIGH>,<LOW>,<CLOSE>,<VOL>,<OPENINT>
AADR.US,5,20260120,153000,91,91,91,91,306,0
AADR.US,5,20260120,154500,92.3917,92.3917,91.57,91.57,400,0
AADR.US,5,20260120,160500,91.975,91.975,91.975,91.975,108,0
AADR.US,5,20260120,174500,92.05,92.06,92.03,92.06,400,0
AADR.US,5,20260120,194000,92.09,92.09,92.09,92.09,216,0
AADR.US,5,20260120,203000,92.4,92.4,92.08709,92.08735,492,0
AADR.US,5,20260120,210500,92.025,92.025,92.025,92.025,165,0
AADR.US,5,20260120,214000,92.025,92.025,92.025,92.025,100,0
AADR.US,5,20260121,184000,92.79,92.79,92.79,92.79,360,0
AADR.US,5,20260121,195500,92.8899,92.8899,92.8899,92.8899,200,0
AADR.US,5,20260121,200000,93.07,93.07,93.07,93.07,100,0
AADR.US,5,20260121,203500,92.94,92.94,92.94,92.94,200,0
AADR.US,5,20260121,210500,93.35,93.35,93.0958,93.0958,421,0
AADR.US,5,20260121,212500,92.605,92.61,92.605,92.605,300,0
AADR.US,5,20260122,153000,94.41,94.41,94.41,94.41,117,0
AADR.US,5,20260122,155000,93.55,93.55,93.55,93.55,265,0
AADR.US,5,20260122,174500,94.32,94.33,94.32,94.33,300,0
AADR.US,5,20260122,213000,93.295,93.295,93.295,93.295,200,0
AADR.US,5,20260122,214500,93.695,93.695,93.695,93.695,150,0
AADR.US,5,20260123,161500,94.05,94.201,94.05,94.201,576,0
AADR.US,5,20260123,175500,93.941,93.941,93.941,93.941,136,0
AADR.US,5,20260123,192000,94.33,94.33,94.33,94.33,200,0
AADR.US,5,20260123,212500,94.1,94.1,93.965,93.965,300,0
AADR.US,5,20260126,171500,96.2799,96.2799,96.2799,96.2799,535,0
AADR.US,5,20260126,184500,96.2599,96.2599,96.2599,96.2599,298,0
AADR.US,5,20260126,192500,95.25,95.25,95.25,95.25,150,0
AADR.US,5,20260126,194000,95.25,95.25,95.25,95.25,1858,0
AADR.US,5,20260126,202000,95.25,95.251,95.25,95.251,205,0
AADR.US,5,20260126,214500,94.285,94.285,94.195,94.195,300,0
AADR.US,5,20260127,161000,96.16,96.16,96.16,96.16,100,0
AADR.US,5,20260127,212500,96.86,96.895,96.86,96.895,304,0
AADR.US,5,20260128,160500,96.67,96.67,96.65,96.65,300,0
AADR.US,5,20260128,171000,96.55,96.55,96.55,96.55,158,0
AADR.US,5,20260128,175500,96.5912,96.5912,96.5912,96.5912,194,0
AADR.US,5,20260128,180500,96.97,96.97,96.97,96.97,150,0
AADR.US,5,20260128,214000,97.07,97.07,97.07,97.07,100,0
AADR.US,5,20260129,163500,96.89,96.8901,96.89,96.8901,200,0
AADR.US,5,20260129,202000,95.8499,95.8499,95.8499,95.8499,104,0
AADR.US,5,20260129,203000,95.77,95.77,95.77,95.77,100,0
AADR.US,5,20260129,204000,95.34,95.34,95.34,95.34,208,0
AADR.US,5,20260129,205500,94.9401,94.9401,94.9401,94.9401,150,0
AADR.US,5,20260129,213000,94.91,94.91,94.89,94.89,200,0
AADR.US,5,20260129,214000,95.49,95.49,95.49,95.49,617,0
AADR.US,5,20260130,155500,93.7901,93.7901,93.79,93.79,200,0
AADR.US,5,20260130,193500,93.77,93.78,91.65,91.68,832,0
AADR.US,5,20260130,204500,92.3856,92.3856,92.3856,92.3856,100,0
AADR.US,5,20260130,211500,92.68,92.7,92.68,92.68,814,0
AADR.US,5,20260130,213000,91.795,91.795,91.795,91.795,200,0
AADR.US,5,20260202,153000,92.76,92.76,92.76,92.76,282,0
AADR.US,5,20260202,154000,93.22,93.22,93.22,93.22,100,0
AADR.US,5,20260202,165500,93.13,93.13,93.13,93.13,100,0
AADR.US,5,20260202,193500,93.437,93.437,93.437,93.437,150,0
AADR.US,5,20260202,201000,93.56,93.76,92.73,93.31,7297,0
AADR.US,5,20260202,202000,93.31,93.31,93.31,93.31,190,0
AADR.US,5,20260202,205000,92.96,92.96,92.96,92.96,608,0
AADR.US,5,20260203,171500,94.4255,94.4255,94.4255,94.4255,100,0
AADR.US,5,20260203,185000,94.54,94.54,94.54,94.54,107,0
AADR.US,5,20260204,153000,95.06,95.06,95.06,95.06,728,0
AADR.US,5,20260204,161000,93.9175,93.99,93.9175,93.99,200,0
AADR.US,5,20260204,184000,93.23,93.23,93.21,93.21,500,0
AADR.US,5,20260204,202000,91.875,91.875,91.875,91.875,160,0
AADR.US,5,20260204,204500,92.04,92.515,92.04,92.515,1050,0
AADR.US,5,20260204,205500,92.98,92.98,92.18,92.18,2615,0
AADR.US,5,20260204,213000,92.7,92.7,92.7,92.7,100,0
AADR.US,5,20260204,214500,92.26,92.26,92.26,92.26,100,0
AADR.US,5,20260205,161500,91.48,91.48,91.48,91.48,100,0
AADR.US,5,20260205,162500,91.38,91.38,91.38,91.38,100,0
AADR.US,5,20260205,213500,89.71,89.75,89.57,89.57,579,0
AADR.US,5,20260206,192000,93.17,93.17,93.17,93.17,160,0
AADR.US,5,20260206,193000,93.02,93.02,93.02,93.02,303,0
AADR.US,5,20260206,202500,93.0248,93.0248,93.0248,93.0248,129,0
AADR.US,5,20260206,211000,93.155,93.155,93.155,93.155,100,0
AADR.US,5,20260206,214000,92.89,92.89,92.89,92.89,385,0
AADR.US,5,20260209,182500,94.725,94.725,94.725,94.725,180,0
AADR.US,5,20260209,190000,94.625,94.625,94.625,94.625,210,0
AADR.US,5,20260209,210000,94.785,94.785,94.785,94.785,339,0
AADR.US,5,20260209,212500,95.32,95.35,94.9968,94.9968,3567,0
AADR.US,5,20260209,213000,95.33,95.33,94.885,94.885,263,0
AADR.US,5,20260209,213500,95.3399,95.3399,94.45,94.45,280,0
AADR.US,5,20260209,215000,95.24,95.25,94.44,94.44,4002,0
AADR.US,5,20260209,215500,95.25,95.64,95.25,95.64,1300,0
AADR.US,5,20260210,153000,97.27,97.27,97.27,97.27,530,0
AADR.US,5,20260210,153500,95.73,95.77,94.36,94.36,1292,0
AADR.US,5,20260210,154000,94.37,94.37,94.37,94.37,200,0
AADR.US,5,20260210,154500,94.72,94.72,94.7199,94.7199,308,0
AADR.US,5,20260210,155000,94.74,94.74,94.67308,94.67308,305,0
AADR.US,5,20260210,160500,94.83,94.83,94.83,94.83,11704,0
AADR.US,5,20260210,161000,94.97,94.97,94.91,94.91,500,0
AADR.US,5,20260210,164000,95.35,95.35,95.31,95.31,7148,0
AADR.US,5,20260210,164500,95.64,95.64,95.64,95.64,695,0
AADR.US,5,20260210,174000,95.21,95.315,95.21,95.315,300,0
AADR.US,5,20260210,174500,95.31,95.31,95.31,95.31,500,0
AADR.US,5,20260210,194500,95.015,95.015,94.99,94.99,470,0
AADR.US,5,20260210,211500,94.75,94.75,94.75,94.75,200,0
AADR.US,5,20260210,213500,94.35,94.36,94.35,94.36,400,0
AADR.US,5,20260211,153000,96.05,96.05,96.05,96.05,102,0
AADR.US,5,20260211,170000,95.34,95.34,95.34,95.34,200,0
AADR.US,5,20260211,203000,95.27,95.27,95.27,95.27,978,0
AADR.US,5,20260212,153000,97,97,97,97,225,0
AADR.US,5,20260212,164000,96.56,96.57,95.65,95.66,1349,0
AADR.US,5,20260212,175000,94.48,94.48,94.0999,94.0999,624,0
AADR.US,5,20260212,201500,94.58,94.58,94.58,94.58,209,0
AADR.US,5,20260213,181500,94.86,94.92,94.86,94.9199,582,0
AADR.US,5,20260213,192500,94.49,94.52,94.49,94.52,465,0
AADR.US,5,20260213,194500,94.78,94.78,94.78,94.78,445,0
AADR.US,5,20260213,213000,94.68,94.69,94.68,94.68,527,0
AADR.US,5,20260213,215500,94.96,94.96,94.6661,94.6661,200,0
AADR.US,5,20260217,153000,94.11,94.11,94.1,94.1,713,0
AADR.US,5,20260217,185000,94.26,94.26,94.26,94.26,128,0
AADR.US,5,20260217,205500,94.45,94.45,94.45,94.45,100,0
AADR.US,5,20260218,153000,93.51,94.45,93.51,94.4,606,0
AADR.US,5,20260218,164000,95.1698,95.1698,95.1698,95.1698,157,0
AADR.US,5,20260218,165000,95.065,95.065,95.065,95.065,178,0
AADR.US,5,20260218,191500,95.3,95.3,95.3,95.3,100,0
AADR.US,5,20260218,195000,94.4,94.4,94.4,94.4,100,0
AADR.US,5,20260219,160000,93.78,93.78,93.78,93.78,100,0
AADR.US,5,20260219,183500,94.0805,94.0805,94.0805,94.0805,100,0
AADR.US,5,20260219,200000,94.73,94.73,94.145,94.73,1000,0
AADR.US,5,20260219,202000,94.695,94.695,94.695,94.695,150,0
AADR.US,5,20260219,213000,94.8947,94.8947,94.785,94.785,250,0
AADR.US,5,20260220,185000,95.05,95.05,95.05,95.05,100,0
AADR.US,5,20260220,213500,95.77,95.77,95.77,95.77,140,0
AADR.US,5,20260220,215000,95.47,95.47,95.47,95.47,380,0
AADR.US,5,20260220,215500,95.86,95.88,95.86,95.88,590,0
AADR.US,5,20260223,153000,96.24,96.24,96.24,96.24,207,0
AADR.US,5,20260223,182500,95.1937,95.1937,95.1937,95.1937,115,0
AADR.US,5,20260223,183000,95.07,95.1,95.07,95.1,232,0
AADR.US,5,20260223,200000,95.1045,95.1045,95.1045,95.1045,1000,0
AADR.US,5,20260223,215000,95.21,95.21,95.21,95.21,131,0
AADR.US,5,20260224,153000,94.84,94.84,94.84,94.84,329,0
AADR.US,5,20260224,171000,94.4763,94.4763,94.4763,94.4763,167,0
AADR.US,5,20260224,174500,94.155,94.155,94.155,94.155,198,0
AADR.US,5,20260224,193500,94.2,94.58,94.2,94.58,1044,0
AADR.US,5,20260224,211000,94.92,94.92,94.49,94.49,626,0
AADR.US,5,20260225,211500,95.44,95.44,95.44,95.44,400,0
AADR.US,5,20260226,162000,93.98,93.98,93.98,93.98,100,0
AADR.US,5,20260226,172500,93.83,93.8301,93.83,93.8301,200,0
AADR.US,5,20260227,160000,94.13,94.1301,94.13,94.1301,600,0
AADR.US,5,20260227,160500,94.12,94.12,94.12,94.12,199,0
AADR.US,5,20260227,161500,94.19,94.5701,94.19,94.5701,200,0
AADR.US,5,20260227,170500,94.2,94.2,94.2,94.2,100,0
AADR.US,5,20260227,184500,93.9802,93.9802,93.97,93.97,210,0
AADR.US,5,20260227,192000,94.28,94.28,94.28,94.28,100,0
AADR.US,5,20260227,203500,94.345,94.345,94.345,94.345,100,0
AADR.US,5,20260302,162500,92.89,92.89,92.89,92.89,256,0
AADR.US,5,20260302,195000,93.04,93.04,92.49,92.4901,438,0
AADR.US,5,20260302,215500,93.84,93.845,93.052,93.052,541,0
AADR.US,5,20260303,153500,87.7356,87.7356,87.7356,87.7356,134,0
AADR.US,5,20260303,155500,87.23,87.23,87.23,87.23,100,0
AADR.US,5,20260303,161000,87.11,87.11,87.11,87.11,100,0
AADR.US,5,20260303,163000,86.885,86.885,86.885,86.885,501,0
AADR.US,5,20260303,163500,86.7886,86.7886,86.7886,86.7886,221,0
AADR.US,5,20260303,171000,88.31,88.32,88.31,88.32,200,0
AADR.US,5,20260303,171500,87.96,87.96,87.96,87.96,201,0
AADR.US,5,20260303,174000,88.3,88.3,88.3,88.3,150,0
AADR.US,5,20260303,200000,88.8749,88.8749,88.8749,88.8749,353,0
AADR.US,5,20260303,203000,88.38,88.5351,88,88.5351,3590,0
AADR.US,5,20260303,211500,88.346,88.346,88.346,88.346,102,0
AADR.US,5,20260303,215000,88.05,88.2771,88.05,88.2771,800,0
AADR.US,5,20260304,153000,88,88,88,88,890,0
AADR.US,5,20260304,155000,88.752,88.752,88.752,88.752,100,0
AADR.US,5,20260304,183500,88.94,88.94,88.94,88.94,150,0
AADR.US,5,20260304,190500,88.85,88.85,88.85,88.85,300,0
AADR.US,5,20260304,200000,88.95,88.95,88.95,88.95,211,0
AADR.US,5,20260304,213500,89.95,89.97,89.95,89.97,342,0
AADR.US,5,20260304,215500,90.25,90.25,90.25,90.25,100,0
AADR.US,5,20260305,155500,87.49,87.4901,87.49,87.4901,400,0
AADR.US,5,20260305,161000,87.5392,87.5392,87.5392,87.5392,450,0
AADR.US,5,20260305,171500,85.9901,86.73,85.9901,86.455,531,0
AADR.US,5,20260305,181500,86.7725,86.7725,86.7725,86.7725,114,0
AADR.US,5,20260305,192000,86.0312,86.0312,86.0312,86.0312,130,0
AADR.US,5,20260305,194000,86.38,86.38,86.38,86.38,100,0
AADR.US,5,20260305,202000,86.18,86.18,86.18,86.18,1200,0
AADR.US,5,20260305,204500,86.0995,86.0995,86.0995,86.0995,200,0
AADR.US,5,20260305,215500,86.98,87.21,86.98,87.21,400,0
AADR.US,5,20260309,144000,84.8,84.8,84.8,84.8,100,0
AADR.US,5,20260309,151000,84.9,84.9,84.9,84.9,1071,0
AADR.US,5,20260309,163000,84.865,84.865,84.865,84.865,134,0
AADR.US,5,20260309,195000,84.8301,84.8301,84.8301,84.8301,600,0
AADR.US,5,20260310,162000,88.9872,88.9872,88.9872,88.9872,142,0
AADR.US,5,20260310,184000,89.67,89.67,89.67,89.67,100,0
AADR.US,5,20260310,201500,88.555,88.555,88.555,88.555,234,0
AADR.US,5,20260310,205500,88.72,88.94,88.72,88.94,300,0
AADR.US,5,20260311,174000,86.505,86.505,86.505,86.505,125,0
AADR.US,5,20260311,175500,86.6396,86.6396,86.6396,86.6396,126,0
AADR.US,5,20260311,191000,86.3463,86.3463,86.3463,86.3463,100,0
AADR.US,5,20260312,143000,85.12,86.059,85.04,86.059,526,0
AADR.US,5,20260312,151500,85,85,85,85,169,0
AADR.US,5,20260312,160000,84.2331,84.2331,84.2331,84.2331,500,0
AADR.US,5,20260313,143500,83.9701,83.9701,83.9701,83.9701,300,0
AADR.US,5,20260313,152000,84.17,84.19,84.17,84.19,200,0
AADR.US,5,20260313,171000,83.19,83.19,83.19,83.19,100,0
AADR.US,5,20260316,143000,82.24,82.47,82.24,82.47,759,0
AADR.US,5,20260316,143500,83.03,83.03,83.03,83.03,125,0
AADR.US,5,20260316,153500,83.2,83.2,83.2,83.2,1200,0
AADR.US,5,20260316,205500,83.58,83.58,83.58,83.58,100,0
AADR.US,5,20260317,143000,85.34,85.34,85.34,85.34,192,0
AADR.US,5,20260317,145500,84.38,84.38,84.38,84.38,462,0
AADR.US,5,20260317,151000,85.0266,85.0266,84.87,84.87,200,0
AADR.US,5,20260317,202500,84.81,84.81,84.81,84.81,265,0
AADR.US,5,20260317,203000,84.425,84.425,84.425,84.425,126,0
AADR.US,5,20260318,143000,84.6,84.6,84.6,84.6,172,0
AADR.US,5,20260318,160500,83.225,83.225,83.225,83.225,175,0
AADR.US,5,20260318,184000,83.24,83.24,83.24,83.24,4445,0
AADR.US,5,20260319,153500,80.395,80.395,80.395,80.395,400,0
AADR.US,5,20260319,155500,80.1401,80.825,80.1401,80.825,856,0
AADR.US,5,20260319,162500,80.5721,80.5721,80.5721,80.5721,300,0
AADR.US,5,20260319,170500,81,81,81,81,187,0
AADR.US,5,20260319,200000,80.24,80.735,80.24,80.735,1066,0
AADR.US,5,20260319,200500,80.57,81.63,80.57,81.63,21112,0
AADR.US,5,20260319,202000,81.5,81.5,81.5,81.5,295,0
AADR.US,5,20260320,143000,80.93,80.93,80.93,80.93,513,0
AADR.US,5,20260320,143500,80.97,80.97,80.97,80.97,102,0
AADR.US,5,20260320,154000,79.66,80.1,79.66,80.1,1733,0
AADR.US,5,20260320,154500,79.69,80.015,79.69,80.015,814,0
AADR.US,5,20260320,155000,79.53,79.96,79.53,79.96,806,0
AADR.US,5,20260320,162000,79.15,79.87,79.15,79.87,757,0
AADR.US,5,20260320,184500,79.43,79.43,79.43,79.43,120,0
AADR.US,5,20260320,194000,78.6901,78.6901,78.6901,78.6901,150,0
AADR.US,5,20260320,201500,78.4001,78.62,78.4001,78.4004,4045,0
AADR.US,5,20260323,143000,80.6,80.6,80.6,80.6,414,0
AADR.US,5,20260323,170500,80.5696,80.5696,80.5696,80.5696,240,0
AADR.US,5,20260323,172000,80.31,80.31,80.3,80.3001,700,0
AADR.US,5,20260323,173000,80.94,80.94,80.94,80.94,363,0
AADR.US,5,20260323,180500,80.95,80.95,80.95,80.95,128,0
AADR.US,5,20260323,203000,80.8502,80.8502,80.85,80.85,200,0
AADR.US,5,20260323,203500,81.41,81.535,81.41,81.53,1000,0
AADR.US,5,20260324,143000,79.1,79.1,79.1,79.1,502,0
AADR.US,5,20260324,143500,79.28,79.28,79.28,79.28,100,0
AADR.US,5,20260324,162000,80.405,80.75,80.0501,80.0501,2961,0
AADR.US,5,20260324,162500,80.0801,80.9,80.0801,80.14,2391,0
AADR.US,5,20260324,163000,80.14,80.515,80.13,80.15,2646,0
AADR.US,5,20260324,163500,80.13,80.74,79.98,80.355,2884,0
AADR.US,5,20260324,164000,80.355,80.74,80,80.01,960,0
AADR.US,5,20260324,165000,80.01,80.01,80.01,80.01,100,0
AADR.US,5,20260324,165500,79.97,79.97,79.97,79.97,100,0
AADR.US,5,20260324,170500,79.97,79.97,79.97,79.97,100,0
AADR.US,5,20260325,164500,81.85,81.8501,81.54,81.6601,2142,0
AADR.US,5,20260325,174500,81.63,81.63,81.63,81.63,100,0
AADR.US,5,20260325,190500,81.98,81.99,81.98,81.99,400,0
AADR.US,5,20260325,204000,81.97,81.99,81.97,81.99,600,0
AADR.US,5,20260326,185000,79.9441,79.9441,79.9441,79.9441,125,0
AADR.US,5,20260326,200500,80,80,80,80,457,0
AADR.US,5,20260326,202000,79.925,79.925,79.925,79.925,300,0
AADR.US,5,20260327,145500,79.59,79.59,79.25,79.25,417,0
AADR.US,5,20260327,172000,79.96,79.96,79.96,79.96,200,0
AADR.US,5,20260327,182500,79.425,79.425,79.39,79.39,573,0
AADR.US,5,20260327,183500,79.08,79.08,79,79,1775,0
AADR.US,5,20260327,190500,79.205,79.205,79.205,79.205,111,0
AADR.US,5,20260330,173500,78.8,78.8001,78.64,78.64,1295,0
AADR.US,5,20260330,191000,78.48,78.48,78.48,78.48,565,0
AADR.US,5,20260330,210500,78.165,78.165,78.165,78.165,348,0
AADR.US,5,20260330,214000,77.9,77.9,77.69,77.69,300,0
AADR.US,5,20260331,191500,80.96,81.06,80.96,81.06,1000,0
AADR.US,5,20260401,180000,84.28,84.99,84.08,84.08,795,0
AADR.US,5,20260401,182500,84.08,84.08,84.08,84.08,100,0
AADR.US,5,20260401,204000,83.81,83.81,83.27,83.27,914,0
AADR.US,5,20260401,211000,83.85,83.85,83.85,83.85,100,0
AADR.US,5,20260402,174000,83.25,83.25,83.25,83.25,152,0
AADR.US,5,20260402,191500,83.25,83.25,83.25,83.25,359,0
AADR.US,5,20260402,205000,83.84,83.84,83.65,83.65,200,0
AADR.US,5,20260402,205500,83.08,83.8,83.08,83.8,200,0
AADR.US,5,20260402,210500,83.27,83.27,83.27,83.27,225,0
AADR.US,5,20260402,215500,82.91,82.915,82.875,82.915,746,0
AADR.US,5,20260406,160000,84.1399,84.1399,84.1399,84.1399,189,0
AADR.US,5,20260406,173000,83.333,83.333,82.9,82.9,1421,0
AADR.US,5,20260406,180500,83.02,83.02,83.02,83.02,100,0
AADR.US,5,20260406,212000,82.99,82.99,82.99,82.99,240,0
AADR.US,5,20260407,153500,82.95,82.95,82.95,82.95,200,0
AADR.US,5,20260407,154000,82.64,82.64,82.64,82.64,100,0
AADR.US,5,20260407,174500,81.69,81.69,81.53,81.53,2906,0
AADR.US,5,20260407,214500,82.64,82.64,82.335,82.335,8825,0
AADR.US,5,20260408,153000,85.85,85.85,85.85,85.85,674,0
AADR.US,5,20260408,154000,86.39,86.39,86.39,86.39,800,0
AADR.US,5,20260408,164000,86.73,86.73,86.73,86.73,100,0
AADR.US,5,20260408,164500,85.9,86.62,85.9,86.62,399,0
AADR.US,5,20260408,183500,86.4,86.4,86.4,86.4,100,0
AADR.US,5,20260408,192500,86.57,86.88,86.57,86.88,1111,0
AADR.US,5,20260409,214500,86.73,86.73,86.56,86.56,900,0
AADR.US,5,20260410,155500,87.55,87.782,87.55,87.782,259,0
AADR.US,5,20260410,210500,86.79,86.79,86.79,86.79,100,0
AADR.US,5,20260410,214500,86.61,86.835,86.445,86.835,1161,0
AADR.US,5,20260413,153000,86.745,86.745,86.745,86.745,165,0
AADR.US,5,20260413,153500,86.76,86.76,86.76,86.76,115,0
AADR.US,5,20260413,184000,87.42,87.42,87.42,87.42,120,0
AADR.US,5,20260413,213500,87.65,87.65,87.65,87.65,100,0
AADR.US,5,20260413,215000,87.27,87.27,87.27,87.27,376,0
AADR.US,5,20260414,161000,88.63,88.63,88.63,88.63,100,0
AADR.US,5,20260414,202500,88.14,88.14,88.14,88.14,225,0
AADR.US,5,20260415,173000,87.75,87.75,87.75,87.75,262,0
AADR.US,5,20260415,174500,86.8101,86.815,86.8101,86.815,703,0
AADR.US,5,20260415,213000,87.205,87.205,87.205,87.205,300,0
AADR.US,5,20260416,195000,86.3501,86.3501,86.3501,86.3501,108,0
AADR.US,5,20260416,210000,86.4,86.4,86.4,86.4,200,0
AADR.US,5,20260417,173500,89,89,88.275,88.275,500,0
AADR.US,5,20260417,182000,88.5411,88.5411,88.5411,88.5411,200,0
AADR.US,5,20260420,191500,87.35,87.35,87.35,87.35,2083,0
AADR.US,5,20260420,205500,87.04,87.04,87.04,87.04,100,0
AADR.US,5,20260420,215500,86.14,86.14,84.53,84.98,1900,0
AADR.US,5,20260421,162000,86.46,86.46,86.46,86.46,135,0
AADR.US,5,20260421,164000,85.4,85.4,85.4,85.4,100,0
AADR.US,5,20260421,214000,85.24,85.24,85.19,85.19,500,0
AADR.US,5,20260421,215500,84.1,84.11,84.1,84.11,400,0
AADR.US,5,20260422,165000,84.44,84.44,84.44,84.44,407,0
AADR.US,5,20260422,192500,83.86,83.86,83.86,83.86,100,0
AADR.US,5,20260422,214500,83.73,83.73,83.53,83.53,900,0
AADR.US,5,20260423,180500,83.53,83.53,83.53,83.53,1000,0
AADR.US,5,20260423,190000,83.6,83.6,83.6,83.6,527,0
AADR.US,5,20260423,213000,83.79,83.8,83.785,83.785,500,0
AADR.US,5,20260424,160500,83.9644,83.9644,83.61,83.61,456,0
AADR.US,5,20260424,165000,83.565,83.565,83.565,83.565,175,0
AADR.US,5,20260424,165500,83.56,83.56,83.56,83.56,100,0
AADR.US,5,20260424,172000,83.25,83.96,83.25,83.96,500,0
AADR.US,5,20260424,173000,83.66,83.66,83.66,83.66,500,0
AADR.US,5,20260424,191500,84.05,84.05,84.05,84.05,111,0
AADR.US,5,20260427,153000,83.18,83.18,83.18,83.18,376,0
AADR.US,5,20260427,165000,84.5,84.5,84.5,84.5,823,0
AADR.US,5,20260427,165500,84.5399,84.5399,84.5399,84.5399,250,0
AADR.US,5,20260427,170000,84.36,84.36,84.36,84.36,250,0
AADR.US,5,20260427,172500,84.51,84.51,84.51,84.51,100,0
AADR.US,5,20260427,175500,84.56,84.56,84.36007,84.36226,438,0
AADR.US,5,20260427,184500,84.1,84.1,84.1,84.1,100,0
AADR.US,5,20260427,185000,84.05,84.05,84.05,84.05,190,0
AADR.US,5,20260427,204000,84.06,84.06,84.06,84.06,920,0
AADR.US,5,20260427,213500,84.05,84.05,84.05,84.05,100,0
AADR.US,5,20260428,175000,83.07,83.07,83.07,83.07,100,0
AADR.US,5,20260428,201500,83.07,83.07,83.07,83.07,450,0
AADR.US,5,20260428,215000,83.31,83.31,83.31,83.31,173,0
AADR.US,5,20260429,162000,83.01,83.01,83.01,83.01,600,0
AADR.US,5,20260429,162500,82.31,82.32,82.31,82.32,900,0
AADR.US,5,20260429,163000,82.31,82.31,82.31,82.31,100,0
AADR.US,5,20260429,174000,82.3,82.3,82.3,82.3,168,0
AADR.US,5,20260429,205000,82.66,82.68,82.63,82.65,4300,0
AADR.US,5,20260429,205500,82.445,82.81,82.445,82.81,200,0
AADR.US,5,20260430,154000,83.53,83.53,83.53,83.53,159,0
AADR.US,5,20260430,165500,83.4,83.4,83.4,83.4,149,0
AADR.US,5,20260430,170000,83.68,83.68,83.5,83.5,300,0
AADR.US,5,20260430,170500,83.5,83.5,83.5,83.5,200,0
AADR.US,5,20260430,171000,83.5,83.5,83.5,83.5,197,0
AADR.US,5,20260430,185500,84.3,84.3,84.3,84.3,271,0
AADR.US,5,20260501,172000,84.92,84.92,84.155,84.155,2326,0
AADR.US,5,20260501,200500,84.23,84.23,84.23,84.23,400,0
AADR.US,5,20260501,210000,84.605,84.605,84.265,84.265,500,0
AADR.US,5,20260504,154500,84,84,84,84,150,0
AADR.US,5,20260504,172500,84.235,84.235,84.235,84.235,452,0
AADR.US,5,20260504,184000,83.5601,83.5601,83.5601,83.5601,119,0
AADR.US,5,20260504,194000,84.06,84.06,84.06,84.06,475,0
AADR.US,5,20260504,202000,84.04,84.04,84.04,84.04,700,0
AADR.US,5,20260504,212000,84,84,84,84,331,0
AADR.US,5,20260505,171500,84.47,84.47,84.47,84.47,169,0
AADR.US,5,20260505,184500,85.31,85.31,85.31,85.31,486,0
AADR.US,5,20260505,213000,84.56,84.56,84.56,84.56,100,0
AADR.US,5,20260505,214000,84.46,84.46,84.26,84.26,350,0
AADR.US,5,20260506,153000,86.01,86.01,86.01,86.01,100,0
AADR.US,5,20260506,170500,86.5,86.5,86.5,86.5,100,0
AADR.US,5,20260507,153500,86.755,86.755,86.755,86.755,115,0
AADR.US,5,20260507,165000,86.78,86.78,86.78,86.78,685,0
AADR.US,5,20260507,170500,86.73,86.73,86.73,86.73,100,0
AADR.US,5,20260508,212000,85.67,85.67,85.67,85.67,5105,0
AADR.US,5,20260511,153000,85.67,85.67,85.63,85.6301,300,0
AADR.US,5,20260511,170000,86.15,86.21,86.15,86.21,500,0
AADR.US,5,20260511,170500,86.21,86.21,86.21,86.21,400,0
AADR.US,5,20260511,171000,86.21,86.6199,86.21,86.21,426,0
AADR.US,5,20260511,171500,86.21,86.21,86.21,86.21,300,0
AADR.US,5,20260511,172000,86.21,86.21,86.21,86.21,100,0
AADR.US,5,20260511,172500,86.3,86.3,86.3,86.3,100,0
AADR.US,5,20260511,175000,86.26,86.26,86.26,86.26,115,0
AADR.US,5,20260511,183000,86.2,86.2,86.2,86.2,1000,0
AADR.US,5,20260511,194000,86.5501,86.5501,86.55,86.55,252,0
AADR.US,5,20260512,153000,84.78,84.78,84.78,84.78,273,0
AADR.US,5,20260512,182000,85.08,85.08,85.08,85.08,100,0
AADR.US,5,20260512,191000,85.72,85.72,85.72,85.72,100,0
AADR.US,5,20260512,210500,85.71,85.72,85.71,85.72,200,0
AADR.US,5,20260513,153000,85.74,85.74,85.74,85.74,171,0
AADR.US,5,20260513,165500,86.925,86.925,86.925,86.925,860,0
AADR.US,5,20260513,214000,87.342,87.342,87.342,87.342,105,0
AADR.US,5,20260514,153000,88.71,88.71,88.71,88.71,200,0
AADR.US,5,20260514,200500,86.84,87.18,86.84,87.18,200,0
AADR.US,5,20260514,205000,87.16,87.16,87.16,87.16,100,0
AADR.US,5,20260515,153000,86.65,86.65,85.16,85.16,662,0
AADR.US,5,20260515,160000,84.64,84.64,84.64,84.64,200,0
AADR.US,5,20260515,162000,84.49,84.49,84.49,84.49,200,0
AADR.US,5,20260515,163500,85.63,85.63,85.53,85.53,300,0
AADR.US,5,20260515,164500,84.4,84.4,84.4,84.4,120,0
AADR.US,5,20260515,171500,85.15,85.15,85.15,85.15,126,0
AADR.US,5,20260515,175000,84.9,84.9,84.9,84.9,697,0
AADR.US,5,20260515,204000,84.32,84.32,84.24,84.24,519,0
AADR.US,5,20260518,165000,84.89,84.89,84.89,84.89,367,0
AADR.US,5,20260519,153500,84.185,84.185,84.185,84.185,150,0
AADR.US,5,20260519,175000,83.801,83.801,83.8,83.8001,428,0
AADR.US,5,20260519,193000,84.3501,84.3501,84.3501,84.3501,221,0
AADR.US,5,20260520,153000,83.97,83.97,83.97,83.97,161,0
AADR.US,5,20260520,154500,84.45,84.45,84.45,84.45,882,0
AADR.US,5,20260520,162000,84.6,84.6,84.6,84.6,100,0
AADR.US,5,20260520,213500,84.6,84.6,84.6,84.6,100,0
AADR.US,5,20260521,193000,85.96,85.96,85.96,85.96,455,0
AADR.US,5,20260522,175000,86.5299,86.5299,86.5299,86.5299,222,0
AADR.US,5,20260522,194500,86.02,86.0201,86.02,86.0201,264,0
AADR.US,5,20260522,211500,86.67,86.67,86.1,86.1,546,0
AADR.US,5,20260522,212000,86.0201,86.0201,86.02,86.02,200,0
AADR.US,5,20260526,153000,85.96,85.96,85.96,85.96,1386,0
AADR.US,5,20260526,153500,87,87,86.97,86.97,251,0
AADR.US,5,20260526,155000,87.45,87.45,87.1,87.1,500,0
AADR.US,5,20260526,162000,86.78,86.78,86.78,86.78,100,0
AADR.US,5,20260526,211500,87.155,87.155,87.155,87.155,115,0
AADR.US,5,20260527,193000,87.07,87.07,86.78436,86.78773,795,0
AADR.US,5,20260527,194000,86.7,86.7,86.7,86.7,285,0
AADR.US,5,20260527,195000,87.0699,87.0699,87.0699,87.0699,120,0
AADR.US,5,20260527,195500,86.75,86.75,86.75,86.75,300,0
AADR.US,5,20260528,153000,85.19,85.19,85.19,85.19,114,0
AADR.US,5,20260528,173500,86.77,86.77,86.77,86.77,370,0
AADR.US,5,20260528,174000,86.848,86.848,86.848,86.848,355,0
AADR.US,5,20260528,181000,86.77,86.77,86.77,86.77,138,0
AADR.US,5,20260529,153000,87.3,87.3,87.3,87.3,259,0
AADR.US,5,20260529,153500,86.31,86.31,86.3099,86.3099,330,0
AADR.US,5,20260529,163500,86.065,86.065,86.065,86.065,171,0
AADR.US,5,20260529,164500,86.035,86.035,86.035,86.035,154,0
AADR.US,5,20260529,214000,85.9,85.9,85.86,85.86,400,0
AADR.US,5,20260601,153000,84.51,84.51,84.51,84.51,201,0
AADR.US,5,20260601,154000,85.64,85.64,85.64,85.64,132,0
AADR.US,5,20260601,165000,85.0401,85.0401,85.0401,85.0401,199,0
AADR.US,5,20260601,181000,85.7101,85.7101,85.7101,85.7101,1244,0
AADR.US,5,20260602,190000,85.72,85.72,85.72,85.72,285,0
AADR.US,5,20260602,192500,85.67,85.67,85.67,85.67,100,0
AADR.US,5,20260602,213500,85.0601,85.0601,85.0601,85.0601,420,0
AADR.US,5,20260604,153000,83.23,83.23,83.23,83.23,113,0
AADR.US,5,20260604,164000,84.58,84.58,84.58,84.58,100,0
AADR.US,5,20260604,170500,84.85,84.85,84.5401,84.5401,201,0
AADR.US,5,20260604,175000,84.95,84.95,84.94,84.9401,600,0
AADR.US,5,20260604,185500,85.345,85.345,85.345,85.345,191,0
AADR.US,5,20260604,210000,85.03,85.13,84.86,85.13,661,0
AADR.US,5,20260604,213500,85.255,85.255,85.255,85.255,105,0
AADR.US,5,20260605,175500,83.32,83.42,83.26,83.26,969,0
AADR.US,5,20260605,212000,82.16,82.1601,82.06,82.06,400,0
AADR.US,5,20260608,184000,82.8,82.8,82.8,82.8,100,0
AADR.US,5,20260608,203500,82.421,82.4211,82.421,82.4211,320,0
AADR.US,5,20260609,155000,82.5,82.5,82.5,82.5,2464,0
AADR.US,5,20260609,205000,82.19,82.19,82.19,82.19,163,0
AADR.US,5,20260610,173500,81.21,81.21,81.21,81.21,1231,0
AADR.US,5,20260610,175000,80.63,80.7301,80.63,80.73,902,0
AADR.US,5,20260610,175500,80.86,80.8601,80.86,80.8601,684,0
AADR.US,5,20260610,212500,80.4,80.4,80.4,80.4,100,0
AADR.US,5,20260611,162500,81.3101,81.6023,81.3101,81.6023,550,0
AADR.US,5,20260611,171500,81.4,81.4001,81.4,81.4001,440,0
AADR.US,5,20260611,192500,81.4501,81.4501,81.25,81.4501,600,0
AADR.US,5,20260611,195500,82.2,82.2,82.2,82.2,250,0
AADR.US,5,20260612,165000,83.63,83.63,83.63,83.63,210,0
AADR.US,5,20260612,173500,84.4,84.4,84.38,84.38,700,0
AADR.US,5,20260612,185000,83.865,83.865,83.865,83.865,117,0
AADR.US,5,20260615,161000,84.46,84.46,84.46,84.46,100,0
AADR.US,5,20260615,171000,84.405,84.405,84.405,84.405,413,0
AADR.US,5,20260615,175500,84.78,84.78,84.74,84.78,600,0
AADR.US,5,20260615,185000,84.02,84.02,84.02,84.02,927,0
AADR.US,5,20260615,192500,84.06,84.06,84.06,84.06,100,0
AADR.US,5,20260615,205500,84.74,84.74,84.74,84.74,353,0
AADR.US,5,20260615,214500,84.61,84.61,84.59,84.59,200,0
AADR.US,5,20260616,153500,84.46,84.46,84.22,84.22,397,0
AADR.US,5,20260616,154000,83.86,83.86,83.86,83.86,764,0
AADR.US,5,20260616,154500,84.21,84.21,84.21,84.21,300,0
AADR.US,5,20260616,174000,83.915,83.915,83.915,83.915,271,0
AADR.US,5,20260616,192500,84.165,84.165,83.8,83.8001,1000,0
AADR.US,5,20260617,154500,84.75,84.75,84.75,84.75,176,0
AADR.US,5,20260617,172000,85.03,85.03,85.03,85.03,140,0
AADR.US,5,20260617,194000,84.6601,84.6601,84.6601,84.6601,200,0
AADR.US,5,20260617,200500,84.58,84.58,84.58,84.58,100,0
AADR.US,5,20260617,210000,84.16,84.1601,84.16,84.1601,1200,0
AADR.US,5,20260617,215000,83.87,83.87,83.87,83.87,200,0
